
pi1 =

    3.1448


pi2 =

    3.1016


pi3 =

    3.1422


pi4 =

    3.1414


quasi_100 =

     3


quasi_1000 =

    3.1080


quasi_10000 =

    3.1408


se_quasi =

    0.0200
    0.0011
    0.0000


nc_100 =

    3.1428


nc_1000 =

    3.1417


nc_10000 =

    3.1416


se_nc =

   1.0e-05 *

    0.1458
    0.0007
    0.0000


mse_psuedo =

    0.0234
    0.0027
    0.0003


quasi_oned_pi =

    3.1371
    3.1412
    3.1416


se_quasi_oned =

   1.0e-04 *

    0.1989
    0.0015
    0.0000


nc_oned_pi =

    3.1419
    3.1416
    3.1416


se_nc_oned =

   1.0e-06 *

    0.1185
    0.0001
    0.0000


mse100_2 =

    0.0090


mse1000_2 =

   7.2973e-04


mse10000_2 =

   7.7822e-05


mse_psuedo_2 =

    0.0090
    0.0007
    0.0001

