Question 1

ans =

    0.4223
    0.4223

Question 2

fVal =

    0.4223
    0.4223

iter 1: p(1) = 1.000000, p(2) = 1.000000, norm(f(x)) = 0.59724897
iter 2: p(1) = 0.577681, p(2) = 0.577681, norm(f(x)) = 0.96177748
iter 3: p(1) = 1.691933, p(2) = 1.691933, norm(f(x)) = 0.10363413
iter 4: p(1) = 1.583549, p(2) = 1.583549, norm(f(x)) = 0.01684145
iter 5: p(1) = 1.598700, p(2) = 1.598700, norm(f(x)) = 0.00026551
iter 6: p(1) = 1.598942, p(2) = 1.598942, norm(f(x)) = 0.00000069
Elapsed time is 0.014269 seconds.
Question 3
iter 1: pa = 1.00000000, f(x) = 0.42231880
iter 2: pa = 1.73105858, f(x) = -0.28043416
iter 3: pa = 1.43932904, f(x) = 0.02162624
iter 4: pa = 1.46021564, f(x) = 0.00081441
iter 5: pa = 1.46103297, f(x) = -0.00000282
iter 6: pa = 1.46103015, f(x) = 0.00000000
iter 1: pb = 1.00000000, f(x) = 0.50037200

p =

    1.4610
    2.0015

iter 2: pb = 2.00148911, f(x) = -0.46320622

p =

    1.4610
    1.5201

iter 3: pb = 1.52005857, f(x) = 0.04720684

p =

    1.4610
    1.5646

iter 4: pb = 1.56458488, f(x) = 0.00309533

p =

    1.4610
    1.5677

iter 5: pb = 1.56770933, f(x) = -0.00002737

p =

    1.4610
    1.5677

iter 6: pb = 1.56768194, f(x) = 0.00000002

p =

    1.4610
    1.5677

iter 7: pb = 1.56768196, f(x) = 0.00000000
iter 1: pa = 1.46103015, f(x) = 0.12757573
iter 2: pa = 1.67467849, f(x) = -0.08400995
iter 3: pa = 1.58984956, f(x) = 0.00206032
iter 4: pa = 1.59188017, f(x) = 0.00003051
iter 5: pa = 1.59191069, f(x) = -0.00000001
iter 6: pa = 1.59191068, f(x) = 0.00000000
iter 1: pb = 1.56768196, f(x) = 0.02951535

p =

    1.5919
    1.6154

iter 2: pb = 1.61535986, f(x) = -0.01805664

p =

    1.5919
    1.5973

iter 3: pb = 1.59726302, f(x) = 0.00010044

p =

    1.5919
    1.5974

iter 4: pb = 1.59736312, f(x) = 0.00000034

p =

    1.5919
    1.5974

iter 5: pb = 1.59736346, f(x) = -0.00000000
iter 1: pa = 1.59191068, f(x) = 0.00666865
iter 2: pa = 1.60259784, f(x) = -0.00401316
iter 3: pa = 1.59858267, f(x) = 0.00000502
iter 4: pa = 1.59858769, f(x) = 0.00000000
iter 1: pb = 1.59736346, f(x) = 0.00149852

p =

    1.5986
    1.5998

iter 2: pb = 1.59976073, f(x) = -0.00089848

p =

    1.5986
    1.5989

iter 3: pb = 1.59886215, f(x) = 0.00000025

p =

    1.5986
    1.5989

iter 4: pb = 1.59886240, f(x) = 0.00000000
iter 1: pa = 1.59858769, f(x) = 0.00033632
iter 2: pa = 1.59912551, f(x) = -0.00020149
iter 3: pa = 1.59892402, f(x) = 0.00000001
iter 4: pa = 1.59892403, f(x) = 0.00000000
iter 1: pb = 1.59886240, f(x) = 0.00007546

p =

    1.5989
    1.5990

iter 2: pb = 1.59898306, f(x) = -0.00004520

p =

    1.5989
    1.5989

iter 3: pb = 1.59893786, f(x) = 0.00000000
iter 1: pa = 1.59892403, f(x) = 0.00001693
iter 2: pa = 1.59895111, f(x) = -0.00001014
iter 3: pa = 1.59894096, f(x) = 0.00000000
iter 1: pb = 1.59893786, f(x) = 0.00000380

p =

    1.5989
    1.5989

iter 2: pb = 1.59894394, f(x) = -0.00000228

p =

    1.5989
    1.5989

iter 3: pb = 1.59894166, f(x) = 0.00000000
Converged: iter 6: p(1) = 1.598941, p(2) = 1.598942, norm(f(x)) = 0.00000085
Elapsed time is 0.036070 seconds.
Question 4
iter 1: p(1) = 1.000000, p(2) = 1.000000, norm(p-pnew) = 1.03387296
iter 2: p(1) = 1.731059, p(2) = 1.731059, norm(p-pnew) = 0.23225003
iter 3: p(1) = 1.566833, p(2) = 1.566833, norm(p-pnew) = 0.05628097
iter 4: p(1) = 1.606630, p(2) = 1.606630, norm(p-pnew) = 0.01348578
iter 5: p(1) = 1.597094, p(2) = 1.597094, norm(p-pnew) = 0.00324129
iter 6: p(1) = 1.599386, p(2) = 1.599386, norm(p-pnew) = 0.00077848
iter 7: p(1) = 1.598835, p(2) = 1.598835, norm(p-pnew) = 0.00018701
iter 8: p(1) = 1.598967, p(2) = 1.598967, norm(p-pnew) = 0.00004492
iter 9: p(1) = 1.598936, p(2) = 1.598936, norm(p-pnew) = 0.00001079
iter 10: p(1) = 1.598943, p(2) = 1.598943, norm(p-pnew) = 0.00000259
iter 11: p(1) = 1.598942, p(2) = 1.598942, norm(p-pnew) = 0.00000062
Converged: iter 11: p(1) = 1.598942, p(2) = 1.598942, norm(p-pnew) = 0.00000062
Elapsed time is 0.007048 seconds.

